fimEpoca2
fimEpoca1
fimEpoca2
fimEpoca5
fimEpoca1
fimEpoca5

-1 1 0 0 -1 
1 -1 -1 -1 1 
1 -1 -2 -2 1 
1 -1 -2 -1 1 
2 0 -1 -1 1 
-1 0 0 -1 -2 
w=-1

0 -1 0 -1 0 
0 0 1 -1 0 
0 0 1 -1 0 
0 0 0 0 0 
0 -1 1 0 0 
0 0 0 0 0 
w=0

-1 0 0 -1 -2 
-1 1 0 1 -1 
-1 -2 -2 -1 -2 
-1 -1 1 -1 -2 
0 2 0 -1 -2 
2 0 0 -1 0 
w=-1

-1 0 0 -1 0 
-1 -5 0 -1 5 
-1 0 0 -1 0 
-1 -1 -1 -1 0 
0 0 0 -1 0 
0 0 0 -1 0 
w=-1

1 -1 -1 0 -1 
1 -1 0 1 0 
1 -1 -1 0 -1 
1 1 1 1 -1 
0 0 0 1 -1 
0 -1 -1 0 -1 
w=0

0 0 -1 0 2 
-1 3 -1 -1 -4 
-1 2 1 1 1 
-1 0 -2 0 1 
-1 -1 -1 0 1 
-2 -1 -1 -1 0 
w=-1
00.txt
###########
01.txt
###########
02.txt
###########
03.txt
#######################
04.txt
###########
05.txt
#######################
06.txt
###########
07.txt
#######################
08.txt
#######################
09.txt
###########
10.txt
[0, 1, 0, 0, 0, 0]
11.txt
[0, 1, 0, 0, 0, 0]
12.txt
#######################
13.txt
[0, 1, 1, 0, 0, 0]
14.txt
[0, 1, 0, 0, 0, 0]
15.txt
[0, 1, 0, 0, 0, 0]
16.txt
[0, 1, 0, 0, 0, 0]
17.txt
[0, 1, 0, 0, 0, 0]
18.txt
[0, 1, 0, 0, 0, 0]
19.txt
[0, 1, 0, 0, 0, 0]
20.txt
[0, 0, 1, 0, 0, 0]
21.txt
[0, 0, 1, 0, 0, 0]
22.txt
#######################
23.txt
[0, 0, 1, 0, 0, 0]
24.txt
[0, 0, 1, 0, 0, 0]
25.txt
#######################
26.txt
[0, 0, 1, 0, 0, 0]
27.txt
#######################
28.txt
#######################
29.txt
#######################
30.txt
#######################
31.txt
#######################
32.txt
#######################
33.txt
[0, 0, 0, 1, 0, 0]
34.txt
[0, 0, 0, 1, 0, 0]
35.txt
#######################
36.txt
[0, 0, 0, 1, 0, 0]
37.txt
#######################
38.txt
#######################
39.txt
[0, 0, 0, 0, 0, 1]
40.txt
[0, 0, 0, 0, 1, 0]
41.txt
[0, 0, 0, 0, 1, 0]
42.txt
[0, 0, 0, 0, 1, 0]
43.txt
[0, 0, 0, 0, 1, 0]
44.txt
[0, 0, 0, 0, 1, 0]
45.txt
[0, 0, 0, 0, 1, 0]
46.txt
[0, 0, 0, 0, 1, 0]
47.txt
[0, 0, 0, 0, 1, 0]
48.txt
[0, 0, 0, 0, 1, 0]
49.txt
[0, 0, 0, 0, 1, 0]
50.txt
[0, 0, 0, 0, 0, 1]
51.txt
[0, 0, 0, 0, 0, 1]
52.txt
[0, 0, 0, 0, 0, 1]
53.txt
[0, 0, 0, 0, 0, 1]
54.txt
[0, 0, 0, 0, 0, 1]
55.txt
[0, 0, 0, 0, 0, 1]
56.txt
[0, 0, 0, 0, 0, 1]
57.txt
[0, 0, 0, 0, 0, 1]
58.txt
[0, 0, 0, 0, 0, 1]
59.txt
[0, 0, 0, 0, 0, 1]
A.txt
###########
C.txt
#######################
E.txt
[0, 0, 0, 0, 1, 0]
H.txt
[0, 0, 0, 0, 1, 0]
N.txt
[0, 1, 0, 0, 0, 0]
T.txt
[0, 1, 0, 0, 0, 0]
