

***Distribuicao***
 s| e| n| d| m| o| r| y|
------------------------
 5|10|16|13|11|18|10|11|
 6|10| 6|13| 9| 5|13|14|
11| 9| 6| 8|12|11| 9| 9|
13| 7|11| 9|11| 9|13| 5|
12|12| 9| 7|11| 9| 7| 7|
14| 6| 7|11| 8| 9|11|10|
13|13| 8| 9|14| 9| 9|12|
 8|12| 9|14| 9| 9| 7|14|
 8|11|13| 6| 7|12| 9| 8|
10|10|15|10| 8| 9|12|10|
***Torneio***
*** Crossing over... ***
Pais
1 | 3 | 8 | 9 | 2 | 4 | 5 | 0 | 7 | 6 | 
2 | 6 | 9 | 1 | 0 | 4 | 7 | 3 | 8 | 5 | 
Ponto Inicial: 2

Inicio Ciclo: 8
2 | 6 | 9 | 1 | 0 | 4 | 7 | 3 | 8 | 5 | 
1 | 3 | 8 | 9 | 2 | 4 | 5 | 0 | 7 | 6 | 
*** Crossing over... ***
Pais
6 | 7 | 5 | 9 | 3 | 0 | 4 | 1 | 2 | 8 | 
9 | 2 | 4 | 5 | 1 | 8 | 6 | 0 | 3 | 7 | 
Ponto Inicial: 6

Inicio Ciclo: 4
9 | 7 | 4 | 5 | 3 | 0 | 6 | 1 | 2 | 8 | 
6 | 2 | 5 | 9 | 1 | 8 | 4 | 0 | 3 | 7 | 
*** Crossing over... ***
Pais
5 | 0 | 1 | 2 | 6 | 4 | 8 | 9 | 3 | 7 | 
2 | 4 | 3 | 8 | 6 | 0 | 9 | 1 | 5 | 7 | 
Ponto Inicial: 1

Inicio Ciclo: 0
5 | 4 | 1 | 2 | 6 | 0 | 8 | 9 | 3 | 7 | 
2 | 0 | 3 | 8 | 6 | 4 | 9 | 1 | 5 | 7 | 
*** Crossing over... ***
Pais
2 | 7 | 3 | 9 | 0 | 1 | 5 | 6 | 8 | 4 | 
6 | 0 | 9 | 1 | 2 | 4 | 8 | 7 | 5 | 3 | 
Ponto Inicial: 3

Inicio Ciclo: 9
2 | 7 | 9 | 1 | 0 | 4 | 5 | 6 | 8 | 3 | 
6 | 0 | 3 | 9 | 2 | 1 | 8 | 7 | 5 | 4 | 
*** Crossing over... ***
Pais
6 | 0 | 9 | 1 | 2 | 4 | 8 | 7 | 5 | 3 | 
6 | 9 | 2 | 5 | 3 | 8 | 7 | 0 | 4 | 1 | 
Ponto Inicial: 6

Inicio Ciclo: 8
6 | 9 | 2 | 5 | 3 | 8 | 7 | 0 | 4 | 1 | 
6 | 0 | 9 | 1 | 2 | 4 | 8 | 7 | 5 | 3 | 
*** Crossing over... ***
Pais
1 | 9 | 6 | 0 | 4 | 8 | 3 | 7 | 2 | 5 | 
1 | 9 | 0 | 2 | 5 | 7 | 6 | 8 | 4 | 3 | 
Ponto Inicial: 4

Inicio Ciclo: 4
1 | 9 | 0 | 2 | 5 | 8 | 6 | 7 | 4 | 3 | 
1 | 9 | 6 | 0 | 4 | 7 | 3 | 8 | 2 | 5 | 
*** Crossing over... ***
Pais
1 | 0 | 7 | 6 | 2 | 5 | 9 | 3 | 8 | 4 | 
9 | 6 | 8 | 2 | 4 | 5 | 3 | 7 | 1 | 0 | 
Ponto Inicial: 5

Inicio Ciclo: 5
1 | 0 | 7 | 6 | 2 | 5 | 9 | 3 | 8 | 4 | 
9 | 6 | 8 | 2 | 4 | 5 | 3 | 7 | 1 | 0 | 
*** Crossing over... ***
Pais
3 | 6 | 7 | 5 | 2 | 9 | 1 | 0 | 8 | 4 | 
4 | 3 | 7 | 9 | 0 | 2 | 6 | 5 | 8 | 1 | 
Ponto Inicial: 7

Inicio Ciclo: 0
3 | 6 | 7 | 9 | 0 | 2 | 1 | 5 | 8 | 4 | 
4 | 3 | 7 | 5 | 2 | 9 | 6 | 0 | 8 | 1 | 
*** Crossing over... ***
Pais
3 | 7 | 1 | 9 | 6 | 4 | 2 | 0 | 5 | 8 | 
4 | 9 | 0 | 1 | 3 | 2 | 5 | 6 | 8 | 7 | 
Ponto Inicial: 2

Inicio Ciclo: 1
4 | 9 | 0 | 1 | 3 | 2 | 5 | 6 | 8 | 7 | 
3 | 7 | 1 | 9 | 6 | 4 | 2 | 0 | 5 | 8 | 
*** Crossing over... ***
Pais
4 | 3 | 7 | 9 | 0 | 2 | 6 | 5 | 8 | 1 | 
3 | 6 | 9 | 0 | 4 | 8 | 5 | 1 | 2 | 7 | 
Ponto Inicial: 1

Inicio Ciclo: 3
3 | 6 | 9 | 0 | 4 | 2 | 5 | 1 | 8 | 7 | 
4 | 3 | 7 | 9 | 0 | 8 | 6 | 5 | 2 | 1 | 
*** Crossing over... ***
Pais
6 | 1 | 0 | 7 | 2 | 3 | 4 | 8 | 9 | 5 | 
7 | 9 | 4 | 1 | 0 | 6 | 8 | 5 | 3 | 2 | 
Ponto Inicial: 1

Inicio Ciclo: 1
7 | 9 | 0 | 1 | 2 | 6 | 4 | 8 | 3 | 5 | 
6 | 1 | 4 | 7 | 0 | 3 | 8 | 5 | 9 | 2 | 
*** Crossing over... ***
Pais
3 | 5 | 9 | 7 | 0 | 2 | 1 | 6 | 4 | 8 | 
6 | 7 | 5 | 9 | 3 | 0 | 4 | 1 | 2 | 8 | 
Ponto Inicial: 9

Inicio Ciclo: 8
3 | 5 | 9 | 7 | 0 | 2 | 1 | 6 | 4 | 8 | 
6 | 7 | 5 | 9 | 3 | 0 | 4 | 1 | 2 | 8 | 
*** Crossing over... ***
Pais
8 | 9 | 5 | 0 | 2 | 7 | 1 | 4 | 3 | 6 | 
2 | 6 | 9 | 1 | 0 | 4 | 7 | 3 | 8 | 5 | 
Ponto Inicial: 4

Inicio Ciclo: 2
2 | 9 | 5 | 1 | 0 | 4 | 7 | 3 | 8 | 6 | 
8 | 6 | 9 | 0 | 2 | 7 | 1 | 4 | 3 | 5 | 
*** Crossing over... ***
Pais
5 | 9 | 2 | 7 | 3 | 6 | 4 | 1 | 0 | 8 | 
1 | 3 | 8 | 9 | 2 | 4 | 5 | 0 | 7 | 6 | 
Ponto Inicial: 1

Inicio Ciclo: 9
1 | 3 | 8 | 9 | 2 | 4 | 5 | 0 | 7 | 6 | 
5 | 9 | 2 | 7 | 3 | 6 | 4 | 1 | 0 | 8 | 
*** Crossing over... ***
Pais
8 | 4 | 3 | 5 | 0 | 9 | 6 | 2 | 7 | 1 | 
2 | 6 | 9 | 1 | 0 | 4 | 7 | 3 | 8 | 5 | 
Ponto Inicial: 8

Inicio Ciclo: 7
2 | 6 | 9 | 5 | 0 | 4 | 7 | 3 | 8 | 1 | 
8 | 4 | 3 | 1 | 0 | 9 | 6 | 2 | 7 | 5 | 
*** Crossing over... ***
Pais
3 | 8 | 0 | 9 | 2 | 1 | 7 | 4 | 6 | 5 | 
5 | 4 | 6 | 3 | 1 | 2 | 0 | 9 | 8 | 7 | 
Ponto Inicial: 8

Inicio Ciclo: 6
5 | 4 | 6 | 3 | 2 | 1 | 0 | 9 | 8 | 7 | 
3 | 8 | 0 | 9 | 1 | 2 | 7 | 4 | 6 | 5 | 
*** Crossing over... ***
Pais
4 | 3 | 7 | 9 | 0 | 2 | 6 | 5 | 8 | 1 | 
0 | 4 | 3 | 2 | 5 | 8 | 1 | 9 | 7 | 6 | 
Ponto Inicial: 1

Inicio Ciclo: 3
0 | 4 | 3 | 2 | 5 | 8 | 6 | 9 | 7 | 1 | 
4 | 3 | 7 | 9 | 0 | 2 | 1 | 5 | 8 | 6 | 
*** Crossing over... ***
Pais
7 | 2 | 6 | 4 | 5 | 0 | 9 | 1 | 3 | 8 | 
4 | 8 | 3 | 6 | 1 | 5 | 9 | 7 | 0 | 2 | 
Ponto Inicial: 7

Inicio Ciclo: 1
4 | 2 | 3 | 6 | 1 | 5 | 9 | 7 | 0 | 8 | 
7 | 8 | 6 | 4 | 5 | 0 | 9 | 1 | 3 | 2 | 
*** Crossing over... ***
Pais
9 | 2 | 4 | 5 | 1 | 8 | 6 | 0 | 3 | 7 | 
2 | 7 | 3 | 9 | 0 | 1 | 5 | 6 | 8 | 4 | 
Ponto Inicial: 1

Inicio Ciclo: 2
2 | 7 | 3 | 9 | 0 | 1 | 5 | 6 | 8 | 4 | 
9 | 2 | 4 | 5 | 1 | 8 | 6 | 0 | 3 | 7 | 
*** Crossing over... ***
Pais
7 | 6 | 8 | 9 | 3 | 5 | 0 | 2 | 4 | 1 | 
6 | 1 | 0 | 7 | 2 | 3 | 4 | 8 | 9 | 5 | 
Ponto Inicial: 2

Inicio Ciclo: 8
6 | 1 | 0 | 7 | 2 | 3 | 4 | 8 | 9 | 5 | 
7 | 6 | 8 | 9 | 3 | 5 | 0 | 2 | 4 | 1 | 
*** Crossing over... ***
Pais
6 | 1 | 3 | 7 | 2 | 0 | 8 | 9 | 4 | 5 | 
4 | 3 | 7 | 9 | 0 | 2 | 6 | 5 | 8 | 1 | 
Ponto Inicial: 5

Inicio Ciclo: 0
6 | 1 | 3 | 7 | 0 | 2 | 8 | 9 | 4 | 5 | 
4 | 3 | 7 | 9 | 2 | 0 | 6 | 5 | 8 | 1 | 
*** Crossing over... ***
Pais
9 | 2 | 8 | 3 | 0 | 1 | 7 | 5 | 4 | 6 | 
1 | 3 | 8 | 9 | 2 | 4 | 5 | 0 | 7 | 6 | 
Ponto Inicial: 8

Inicio Ciclo: 4
1 | 3 | 8 | 9 | 2 | 4 | 5 | 0 | 7 | 6 | 
9 | 2 | 8 | 3 | 0 | 1 | 7 | 5 | 4 | 6 | 
*** Crossing over... ***
Pais
5 | 4 | 6 | 3 | 1 | 2 | 0 | 9 | 8 | 7 | 
9 | 2 | 4 | 5 | 1 | 8 | 6 | 0 | 3 | 7 | 
Ponto Inicial: 4

Inicio Ciclo: 1
5 | 4 | 6 | 3 | 1 | 2 | 0 | 9 | 8 | 7 | 
9 | 2 | 4 | 5 | 1 | 8 | 6 | 0 | 3 | 7 | 
*** Crossing over... ***
Pais
7 | 6 | 8 | 9 | 3 | 5 | 0 | 2 | 4 | 1 | 
4 | 3 | 7 | 9 | 0 | 2 | 6 | 5 | 8 | 1 | 
Ponto Inicial: 9

Inicio Ciclo: 1
7 | 6 | 8 | 9 | 3 | 5 | 0 | 2 | 4 | 1 | 
4 | 3 | 7 | 9 | 0 | 2 | 6 | 5 | 8 | 1 | 
*** Crossing over... ***
Pais
6 | 1 | 8 | 7 | 0 | 4 | 9 | 5 | 2 | 3 | 
3 | 7 | 4 | 5 | 2 | 0 | 8 | 6 | 1 | 9 | 
Ponto Inicial: 0

Inicio Ciclo: 6
3 | 7 | 4 | 5 | 2 | 0 | 8 | 6 | 1 | 9 | 
6 | 1 | 8 | 7 | 0 | 4 | 9 | 5 | 2 | 3 | 
*** Crossing over... ***
Pais
6 | 3 | 1 | 7 | 5 | 9 | 2 | 8 | 4 | 0 | 
7 | 9 | 4 | 1 | 0 | 6 | 8 | 5 | 3 | 2 | 
Ponto Inicial: 1

Inicio Ciclo: 3
7 | 9 | 4 | 1 | 5 | 6 | 2 | 8 | 3 | 0 | 
6 | 3 | 1 | 7 | 0 | 9 | 8 | 5 | 4 | 2 | 
*** Crossing over... ***
Pais
5 | 4 | 6 | 3 | 1 | 2 | 0 | 9 | 8 | 7 | 
3 | 8 | 5 | 1 | 0 | 7 | 6 | 4 | 9 | 2 | 
Ponto Inicial: 7

Inicio Ciclo: 9
5 | 8 | 6 | 3 | 1 | 2 | 0 | 4 | 9 | 7 | 
3 | 4 | 5 | 1 | 0 | 7 | 6 | 9 | 8 | 2 | 
*** Crossing over... ***
Pais
3 | 7 | 4 | 5 | 2 | 0 | 8 | 6 | 1 | 9 | 
9 | 6 | 5 | 7 | 4 | 3 | 0 | 2 | 8 | 1 | 
Ponto Inicial: 0

Inicio Ciclo: 3
9 | 7 | 4 | 5 | 2 | 3 | 0 | 6 | 8 | 1 | 
3 | 6 | 5 | 7 | 4 | 0 | 8 | 2 | 1 | 9 | 
*** Crossing over... ***
Pais
3 | 5 | 9 | 7 | 0 | 2 | 1 | 6 | 4 | 8 | 
5 | 4 | 6 | 3 | 1 | 2 | 0 | 9 | 8 | 7 | 
Ponto Inicial: 0

Inicio Ciclo: 3
5 | 4 | 9 | 3 | 0 | 2 | 1 | 6 | 8 | 7 | 
3 | 5 | 6 | 7 | 1 | 2 | 0 | 9 | 4 | 8 | 
*** Crossing over... ***
Pais
9 | 3 | 7 | 1 | 2 | 5 | 0 | 6 | 8 | 4 | 
6 | 1 | 8 | 7 | 0 | 4 | 9 | 5 | 2 | 3 | 
Ponto Inicial: 1

Inicio Ciclo: 3
6 | 1 | 8 | 7 | 0 | 4 | 9 | 5 | 2 | 3 | 
9 | 3 | 7 | 1 | 2 | 5 | 0 | 6 | 8 | 4 | 
